0.113137 -0.524891 0.186432 179.992711 0.825207 179.995783 0.000114 3.127190 0.000198
0.130865 -0.507167 0.186249 179.993222 0.824848 179.995816 0.000113 3.127196 0.000184
0.148593 -0.489442 0.186066 179.993732 0.824489 179.995849 0.000112 3.127203 0.000170
0.166320 -0.471718 0.185884 179.994243 0.824130 179.995882 0.000112 3.127209 0.000156
0.184048 -0.453993 0.185701 179.994754 0.823771 179.995915 0.000111 3.127215 0.000142
0.201776 -0.436269 0.185518 179.995264 0.823412 179.995948 0.000110 3.127221 0.000128
0.219504 -0.418544 0.185335 179.995775 0.823053 179.995982 0.000109 3.127228 0.000115
0.237232 -0.400820 0.185152 179.996285 0.822694 179.996015 0.000108 3.127234 0.000101
0.254960 -0.383095 0.184969 179.996796 0.822335 179.996048 0.000107 3.127240 0.000087
0.272687 -0.365371 0.184787 179.997307 0.821976 179.996081 0.000107 3.127246 0.000073
0.290415 -0.347646 0.184604 179.997817 0.821617 179.996114 0.000106 3.127253 0.000059
0.308143 -0.329922 0.184421 179.998328 0.821258 179.996147 0.000105 3.127259 0.000045
0.095439 -0.507193 0.186239 143.993697 0.825504 179.996040 0.000107 3.127185 0.000171
0.113175 -0.489469 0.186065 143.994142 0.825152 179.996082 0.000106 3.127191 0.000159
0.130912 -0.471744 0.185891 143.994587 0.824800 179.996124 0.000105 3.127197 0.000147
0.148649 -0.454019 0.185717 143.995031 0.824448 179.996166 0.000104 3.127203 0.000135
0.166386 -0.436294 0.185543 143.995476 0.824096 179.996207 0.000103 3.127209 0.000123
0.184123 -0.418570 0.185369 143.995921 0.823744 179.996249 0.000102 3.127216 0.000111
0.201860 -0.400845 0.185195 143.996366 0.823392 179.996291 0.000101 3.127222 0.000098
0.219597 -0.383120 0.185021 143.996810 0.823040 179.996333 0.000100 3.127228 0.000086
0.237334 -0.365395 0.184847 143.997255 0.822688 179.996375 0.000099 3.127234 0.000074
0.255070 -0.347671 0.184673 143.997700 0.822336 179.996417 0.000098 3.127240 0.000062
0.272807 -0.329946 0.184499 143.998145 0.821984 179.996459 0.000096 3.127246 0.000050
0.290544 -0.312221 0.184325 143.998589 0.821632 179.996501 0.000095 3.127252 0.000038
0.077740 -0.489496 0.186046 107.994683 0.825801 179.996297 0.000100 3.127180 0.000144
0.095486 -0.471771 0.185881 107.995062 0.825456 179.996348 0.000099 3.127186 0.000134
0.113232 -0.454046 0.185716 107.995441 0.825111 179.996398 0.000098 3.127192 0.000124
0.130978 -0.436321 0.185550 107.995820 0.824767 179.996449 0.000096 3.127198 0.000113
0.148724 -0.418596 0.185385 107.996199 0.824422 179.996500 0.000095 3.127204 0.000103
0.166470 -0.400871 0.185220 107.996578 0.824077 179.996550 0.000094 3.127210 0.000093
0.184216 -0.383146 0.185055 107.996957 0.823732 179.996601 0.000092 3.127216 0.000082
0.201962 -0.365421 0.184890 107.997336 0.823387 179.996652 0.000091 3.127222 0.000072
0.219707 -0.347696 0.184725 107.997714 0.823042 179.996702 0.000090 3.127228 0.000062
0.237453 -0.329970 0.184560 107.998093 0.822697 179.996753 0.000088 3.127234 0.000051
0.255199 -0.312245 0.184395 107.998472 0.822352 179.996804 0.000087 3.127240 0.000041
0.272945 -0.294520 0.184230 107.998851 0.822007 179.996854 0.000086 3.127246 0.000031
0.060042 -0.471798 0.185853 71.995670 0.826099 179.996554 0.000093 3.127174 0.000117
0.077797 -0.454073 0.185696 71.995983 0.825761 179.996613 0.000092 3.127180 0.000109
0.095552 -0.436348 0.185540 71.996296 0.825423 179.996673 0.000090 3.127186 0.000100
0.113307 -0.418622 0.185384 71.996609 0.825085 179.996732 0.000089 3.127192 0.000092
0.131062 -0.400897 0.185228 71.996922 0.824747 179.996792 0.000087 3.127198 0.000083
0.148817 -0.383172 0.185071 71.997235 0.824409 179.996851 0.000086 3.127204 0.000075
0.166572 -0.365446 0.184915 71.997548 0.824071 179.996911 0.000084 3.127210 0.000066
0.184326 -0.347721 0.184759 71.997861 0.823733 179.996970 0.000082 3.127216 0.000058
0.202081 -0.329996 0.184603 71.998174 0.823395 179.997029 0.000081 3.127222 0.000049
0.219836 -0.312270 0.184446 71.998487 0.823057 179.997089 0.000079 3.127228 0.000041
0.237591 -0.294545 0.184290 71.998800 0.822719 179.997148 0.000078 3.127234 0.000032
0.255346 -0.276820 0.184134 71.999112 0.822381 179.997208 0.000076 3.127239 0.000024
0.042343 -0.454101 0.185660 35.996656 0.826396 179.996811 0.000086 3.127169 0.000090
0.060107 -0.436375 0.185512 35.996903 0.826065 179.996879 0.000085 3.127175 0.000084
0.077871 -0.418649 0.185365 35.997150 0.825734 179.996947 0.000083 3.127181 0.000077
0.095635 -0.400924 0.185217 35.997397 0.825403 179.997016 0.000081 3.127187 0.000070
0.113399 -0.383198 0.185070 35.997644 0.825072 179.997084 0.000079 3.127192 0.000064
0.131163 -0.365473 0.184923 35.997891 0.824741 179.997152 0.000077 3.127198 0.000057
0.148927 -0.347747 0.184775 35.998138 0.824410 179.997220 0.000076 3.127204 0.000050
0.166691 -0.330021 0.184628 35.998386 0.824079 179.997289 0.000074 3.127210 0.000043
0.184455 -0.312296 0.184480 35.998633 0.823748 179.997357 0.000072 3.127216 0.000037
0.202219 -0.294570 0.184333 35.998880 0.823417 179.997425 0.000070 3.127221 0.000030
0.219983 -0.276844 0.184186 35.999127 0.823087 179.997493 0.000068 3.127227 0.000023
0.237747 -0.259119 0.184038 35.999374 0.822756 179.997561 0.000067 3.127233 0.000017
0.024645 -0.436403 0.185466 -0.002358 0.826693 179.997068 0.000080 3.127164 0.000063
0.042418 -0.418677 0.185328 -0.002177 0.826369 179.997145 0.000077 3.127170 0.000059
0.060191 -0.400951 0.185189 -0.001996 0.826045 179.997222 0.000075 3.127175 0.000054
0.077964 -0.383225 0.185051 -0.001814 0.825721 179.997299 0.000073 3.127181 0.000049
0.095737 -0.365499 0.184912 -0.001633 0.825397 179.997376 0.000071 3.127187 0.000044
0.113510 -0.347773 0.184774 -0.001452 0.825073 179.997453 0.000069 3.127192 0.000039
0.131283 -0.330048 0.184635 -0.001271 0.824750 179.997530 0.000067 3.127198 0.000034
0.149056 -0.312322 0.184497 -0.001089 0.824426 179.997607 0.000065 3.127204 0.000029
0.166829 -0.294596 0.184358 -0.000908 0.824102 179.997684 0.000063 3.127209 0.000024
0.184602 -0.276870 0.184220 -0.000727 0.823778 179.997761 0.000061 3.127215 0.000019
0.202375 -0.259144 0.184081 -0.000546 0.823454 179.997838 0.000059 3.127221 0.000014
0.220148 -0.241418 0.183943 -0.000365 0.823130 179.997915 0.000057 3.127226 0.000010
0.006947 -0.418705 0.185273 -36.001372 0.826990 179.997325 0.000073 3.127159 0.000037
0.024729 -0.400979 0.185144 -36.001256 0.826673 179.997411 0.000070 3.127164 0.000033
0.042511 -0.383253 0.185014 -36.001141 0.826356 179.997497 0.000068 3.127170 0.000030
0.060293 -0.365527 0.184884 -36.001026 0.826040 179.997582 0.000066 3.127175 0.000027
0.078075 -0.347801 0.184755 -36.000910 0.825723 179.997668 0.000063 3.127181 0.000024
0.095857 -0.330074 0.184625 -36.000795 0.825406 179.997754 0.000061 3.127187 0.000021
0.113639 -0.312348 0.184495 -36.000680 0.825089 179.997840 0.000059 3.127192 0.000018
0.131421 -0.294622 0.184366 -36.000564 0.824772 179.997925 0.000057 3.127198 0.000015
0.149203 -0.276896 0.184236 -36.000449 0.824455 179.998011 0.000054 3.127203 0.000012
0.166985 -0.259170 0.184106 -36.000334 0.824138 179.998097 0.000052 3.127209 0.000009
0.184768 -0.241443 0.183976 -36.000218 0.823821 179.998183 0.000050 3.127214 0.000006
0.202550 -0.223717 0.183847 -36.000103 0.823504 179.998269 0.000047 3.127220 0.000002
-0.010752 -0.401008 0.185080 -72.000386 0.827287 179.997582 0.000066 3.127154 0.000010
0.007039 -0.383281 0.184959 -72.000336 0.826978 179.997677 0.000063 3.127159 0.000008
0.024830 -0.365555 0.184839 -72.000287 0.826668 179.997771 0.000061 3.127164 0.000007
0.042622 -0.347828 0.184718 -72.000237 0.826358 179.997866 0.000058 3.127170 0.000006
0.060413 -0.330102 0.184597 -72.000188 0.826048 179.997960 0.000056 3.127175 0.000004
0.078204 -0.312375 0.184476 -72.000138 0.825738 179.998055 0.000053 3.127181 0.000003
0.095995 -0.294649 0.184355 -72.000089 0.825428 179.998149 0.000050 3.127186 0.000002
0.113786 -0.276922 0.184234 -72.000039 0.825118 179.998244 0.000048 3.127192 0.000001
0.131577 -0.259196 0.184114 -71.999990 0.824808 179.998339 0.000045 3.127197 -0.000001
0.149368 -0.241469 0.183993 -71.999940 0.824499 179.998433 0.000043 3.127203 -0.000002
0.167160 -0.223743 0.183872 -71.999891 0.824189 179.998528 0.000040 3.127208 -0.000003
0.184951 -0.206016 0.183751 -71.999842 0.823879 179.998622 0.000038 3.127213 -0.000005
-0.028450 -0.383310 0.184887 -107.999399 0.827585 179.997839 0.000059 3.127148 -0.000017
-0.010650 -0.365583 0.184775 -107.999416 0.827282 179.997942 0.000056 3.127154 -0.000017
0.007150 -0.347857 0.184663 -107.999432 0.826979 179.998046 0.000053 3.127159 -0.000016
0.024950 -0.330130 0.184551 -107.999449 0.826676 179.998149 0.000050 3.127164 -0.000016
0.042751 -0.312403 0.184439 -107.999465 0.826373 179.998252 0.000048 3.127170 -0.000015
0.060551 -0.294676 0.184327 -107.999481 0.826070 179.998356 0.000045 3.127175 -0.000015
0.078351 -0.276950 0.184215 -107.999498 0.825767 179.998459 0.000042 3.127180 -0.000014
0.096151 -0.259223 0.184103 -107.999514 0.825465 179.998562 0.000039 3.127186 -0.000014
0.113951 -0.241496 0.183991 -107.999531 0.825162 179.998666 0.000037 3.127191 -0.000013
0.131751 -0.223769 0.183879 -107.999547 0.824859 179.998769 0.000034 3.127196 -0.000013
0.149552 -0.206042 0.183767 -107.999564 0.824556 179.998872 0.000031 3.127202 -0.000012
0.167352 -0.188316 0.183655 -107.999580 0.824253 179.998976 0.000028 3.127207 -0.000012
-0.046149 -0.365613 0.184694 -143.998413 0.827882 179.998096 0.000052 3.127143 -0.000044
-0.028339 -0.347886 0.184591 -143.998495 0.827586 179.998208 0.000049 3.127148 -0.000042
-0.010530 -0.330158 0.184488 -143.998578 0.827290 179.998320 0.000046 3.127154 -0.000040
0.007279 -0.312431 0.184385 -143.998660 0.826994 179.998432 0.000043 3.127159 -0.000037
0.025088 -0.294704 0.184282 -143.998742 0.826698 179.998545 0.000040 3.127164 -0.000035
0.042898 -0.276977 0.184178 -143.998825 0.826403 179.998657 0.000037 3.127169 -0.000033
0.060707 -0.259250 0.184075 -143.998907 0.826107 179.998769 0.000034 3.127174 -0.000030
0.078516 -0.241523 0.183972 -143.998989 0.825811 179.998881 0.000031 3.127180 -0.000028
0.096325 -0.223796 0.183869 -143.999072 0.825515 179.998993 0.000028 3.127185 -0.000026
0.114134 -0.206069 0.183766 -143.999154 0.825219 179.999105 0.000025 3.127190 -0.000023
0.131944 -0.188342 0.183663 -143.999236 0.824923 179.999217 0.000022 3.127195 -0.000021
0.149753 -0.170615 0.183560 -143.999319 0.824628 179.999329 0.000019 3.127200 -0.000019
-0.063847 -0.347915 0.184501 -179.997427 0.828179 179.998353 0.000045 3.127138 -0.000071
-0.046029 -0.330188 0.184407 -179.997575 0.827890 179.998474 0.000042 3.127143 -0.000067
-0.028210 -0.312460 0.184312 -179.997723 0.827601 179.998595 0.000038 3.127148 -0.000063
-0.010392 -0.294733 0.184218 -179.997872 0.827313 179.998716 0.000035 3.127153 -0.000059
0.007426 -0.277006 0.184124 -179.998020 0.827024 179.998837 0.000032 3.127158 -0.000055
0.025244 -0.259278 0.184030 -179.998168 0.826735 179.998958 0.000029 3.127163 -0.000051
0.043063 -0.241551 0.183935 -179.998316 0.826446 179.999078 0.000025 3.127169 -0.000046
0.060881 -0.223823 0.183841 -179.998464 0.826157 179.999199 0.000022 3.127174 -0.000042
0.078699 -0.206096 0.183747 -179.998612 0.825868 179.999320 0.000019 3.127179 -0.000038
0.096517 -0.188369 0.183653 -179.998761 0.825580 179.999441 0.000016 3.127184 -0.000034
0.114336 -0.170641 0.183558 -179.998909 0.825291 179.999562 0.000012 3.127189 -0.000030
0.132154 -0.152914 0.183464 -179.999057 0.825002 179.999683 0.000009 3.127194 -0.000026
