-0.009564 -0.532434 0.224360 179.999173 0.824654 -179.994395 -0.000153 3.127200 0.000024
-0.027308 -0.550078 0.224556 179.998460 0.825144 -143.994974 -0.000137 3.127191 0.000043
-0.045052 -0.567722 0.224752 179.997746 0.825633 -107.995553 -0.000122 3.127183 0.000063
-0.062795 -0.585367 0.224948 179.997033 0.826123 -71.996132 -0.000106 3.127174 0.000082
-0.080539 -0.603011 0.225144 179.996319 0.826613 -35.996711 -0.000090 3.127166 0.000101
-0.098283 -0.620655 0.225340 179.995606 0.827103 0.002709 -0.000075 3.127157 0.000121
-0.116027 -0.638299 0.225537 179.994893 0.827592 36.002130 -0.000059 3.127148 0.000140
-0.133771 -0.655943 0.225733 179.994179 0.828082 72.001551 -0.000043 3.127140 0.000159
-0.151514 -0.673588 0.225929 179.993466 0.828572 108.000972 -0.000027 3.127131 0.000178
-0.169258 -0.691232 0.226125 179.992752 0.829061 144.000393 -0.000012 3.127123 0.000198
-0.187002 -0.708876 0.226321 179.992039 0.829551 179.999814 0.000004 3.127114 0.000217
-0.027191 -0.514641 0.223908 147.272145 0.825198 -179.994310 -0.000155 3.127190 0.000017
-0.044934 -0.532285 0.224107 147.271516 0.825624 -147.267623 -0.000139 3.127183 0.000034
-0.062678 -0.549930 0.224305 147.270887 0.826051 -114.540936 -0.000123 3.127175 0.000051
-0.080421 -0.567575 0.224504 147.270257 0.826477 -81.814249 -0.000108 3.127168 0.000068
-0.098165 -0.585220 0.224702 147.269628 0.826904 -49.087562 -0.000092 3.127160 0.000085
-0.115908 -0.602865 0.224901 147.268999 0.827331 -16.360875 -0.000076 3.127153 0.000102
-0.133652 -0.620510 0.225099 147.268369 0.827757 16.365812 -0.000060 3.127146 0.000119
-0.151395 -0.638155 0.225297 147.267740 0.828184 49.092499 -0.000044 3.127138 0.000136
-0.169139 -0.655800 0.225496 147.267111 0.828610 81.819186 -0.000028 3.127131 0.000153
-0.186882 -0.673444 0.225694 147.266482 0.829037 114.545873 -0.000012 3.127123 0.000170
-0.204626 -0.691089 0.225893 147.265852 0.829464 147.272560 0.000004 3.127116 0.000187
-0.044818 -0.496847 0.223457 114.545118 0.825741 -179.994226 -0.000158 3.127181 0.000011
-0.062561 -0.514493 0.223658 114.544573 0.826105 -150.540272 -0.000141 3.127175 0.000025
-0.080304 -0.532138 0.223858 114.544027 0.826468 -121.086319 -0.000125 3.127168 0.000040
-0.098047 -0.549784 0.224059 114.543482 0.826832 -91.632366 -0.000109 3.127162 0.000055
-0.115790 -0.567429 0.224260 114.542937 0.827195 -62.178413 -0.000093 3.127155 0.000069
-0.133534 -0.585075 0.224460 114.542392 0.827559 -32.724459 -0.000077 3.127149 0.000084
-0.151277 -0.602720 0.224661 114.541846 0.827922 -3.270506 -0.000061 3.127143 0.000099
-0.169020 -0.620366 0.224862 114.541301 0.828286 26.183447 -0.000045 3.127136 0.000114
-0.186763 -0.638011 0.225063 114.540756 0.828649 55.637400 -0.000029 3.127130 0.000128
-0.204506 -0.655657 0.225263 114.540211 0.829013 85.091354 -0.000013 3.127123 0.000143
-0.222249 -0.673303 0.225464 114.539665 0.829376 114.545307 0.000003 3.127117 0.000158
-0.062445 -0.479054 0.223005 81.818090 0.826285 -179.994141 -0.000160 3.127171 0.000004
-0.080188 -0.496700 0.223208 81.817629 0.826586 -153.812922 -0.000144 3.127166 0.000016
-0.097931 -0.514346 0.223411 81.817168 0.826886 -127.631702 -0.000127 3.127161 0.000029
-0.115673 -0.531992 0.223614 81.816707 0.827186 -101.450483 -0.000111 3.127156 0.000041
-0.133416 -0.549639 0.223817 81.816246 0.827487 -75.269263 -0.000095 3.127150 0.000054
-0.151159 -0.567285 0.224021 81.815784 0.827787 -49.088044 -0.000078 3.127145 0.000066
-0.168902 -0.584931 0.224224 81.815323 0.828087 -22.906824 -0.000062 3.127140 0.000078
-0.186644 -0.602577 0.224427 81.814862 0.828388 3.274395 -0.000046 3.127134 0.000091
-0.204387 -0.620223 0.224630 81.814401 0.828688 29.455614 -0.000030 3.127129 0.000103
-0.222130 -0.637870 0.224833 81.813940 0.828988 55.636834 -0.000013 3.127124 0.000116
-0.239873 -0.655516 0.225036 81.813479 0.829289 81.818053 0.000003 3.127119 0.000128
-0.080072 -0.461261 0.222554 49.091063 0.826829 -179.994056 -0.000162 3.127162 -0.000003
-0.097814 -0.478907 0.222759 49.090686 0.827066 -157.085571 -0.000146 3.127158 0.000007
-0.115557 -0.496554 0.222964 49.090309 0.827303 -134.177085 -0.000129 3.127153 0.000017
-0.133299 -0.514201 0.223170 49.089931 0.827541 -111.268600 -0.000113 3.127149 0.000028
-0.151042 -0.531848 0.223375 49.089554 0.827778 -88.360114 -0.000096 3.127145 0.000038
-0.168784 -0.549495 0.223580 49.089177 0.828015 -65.451628 -0.000080 3.127141 0.000048
-0.186527 -0.567142 0.223786 49.088800 0.828252 -42.543143 -0.000063 3.127137 0.000058
-0.204269 -0.584789 0.223991 49.088423 0.828489 -19.634657 -0.000047 3.127133 0.000068
-0.222011 -0.602435 0.224197 49.088046 0.828727 3.273829 -0.000030 3.127129 0.000078
-0.239754 -0.620082 0.224402 49.087669 0.828964 26.182314 -0.000014 3.127124 0.000088
-0.257496 -0.637729 0.224607 49.087292 0.829201 49.090800 0.000003 3.127120 0.000098
-0.097699 -0.443467 0.222102 16.364035 0.827373 -179.993972 -0.000164 3.127152 -0.000010
-0.115441 -0.461115 0.222310 16.363742 0.827547 -160.358220 -0.000148 3.127149 -0.000002
-0.133183 -0.478762 0.222518 16.363449 0.827721 -140.722468 -0.000131 3.127146 0.000006
-0.150925 -0.496410 0.222725 16.363156 0.827895 -121.086716 -0.000114 3.127143 0.000014
-0.168667 -0.514057 0.222933 16.362863 0.828069 -101.450965 -0.000098 3.127140 0.000022
-0.186409 -0.531705 0.223140 16.362570 0.828243 -81.815213 -0.000081 3.127137 0.000030
-0.204151 -0.549352 0.223348 16.362277 0.828417 -62.179461 -0.000064 3.127134 0.000037
-0.221894 -0.567000 0.223556 16.361984 0.828591 -42.543709 -0.000048 3.127131 0.000045
-0.239636 -0.584647 0.223763 16.361691 0.828766 -22.907957 -0.000031 3.127128 0.000053
-0.257378 -0.602295 0.223971 16.361398 0.828940 -3.272206 -0.000014 3.127125 0.000061
-0.275120 -0.619942 0.224179 16.361105 0.829114 16.363546 0.000002 3.127122 0.000069
-0.115326 -0.425674 0.221651 -16.362992 0.827916 -179.993887 -0.000167 3.127143 -0.000016
-0.133068 -0.443322 0.221861 -16.363201 0.828027 -163.630869 -0.000150 3.127141 -0.000011
-0.150809 -0.460970 0.222071 -16.363410 0.828138 -147.267851 -0.000133 3.127139 -0.000005
-0.168551 -0.478618 0.222281 -16.363619 0.828249 -130.904833 -0.000116 3.127137 0.000000
-0.186293 -0.496267 0.222491 -16.363828 0.828360 -114.541815 -0.000099 3.127135 0.000006
-0.204035 -0.513915 0.222701 -16.364037 0.828471 -98.178797 -0.000082 3.127133 0.000011
-0.221776 -0.531563 0.222910 -16.364246 0.828582 -81.815779 -0.000066 3.127131 0.000017
-0.239518 -0.549211 0.223120 -16.364455 0.828693 -65.452761 -0.000049 3.127129 0.000023
-0.257260 -0.566859 0.223330 -16.364664 0.828804 -49.089743 -0.000032 3.127127 0.000028
-0.275002 -0.584507 0.223540 -16.364873 0.828915 -32.726725 -0.000015 3.127125 0.000034
-0.292743 -0.602156 0.223750 -16.365082 0.829026 -16.363707 0.000002 3.127123 0.000039
-0.132953 -0.407880 0.221199 -49.090020 0.828460 -179.993803 -0.000169 3.127133 -0.000023
-0.150694 -0.425529 0.221411 -49.090145 0.828508 -166.903518 -0.000152 3.127132 -0.000020
-0.168436 -0.443178 0.221624 -49.090270 0.828556 -153.813234 -0.000135 3.127132 -0.000017
-0.186177 -0.460827 0.221836 -49.090394 0.828604 -140.722950 -0.000118 3.127131 -0.000013
-0.203919 -0.478476 0.222048 -49.090519 0.828652 -127.632666 -0.000101 3.127130 -0.000010
-0.221660 -0.496125 0.222260 -49.090644 0.828699 -114.542382 -0.000084 3.127129 -0.000007
-0.239401 -0.513774 0.222473 -49.090769 0.828747 -101.452098 -0.000067 3.127128 -0.000004
-0.257143 -0.531422 0.222685 -49.090894 0.828795 -88.361813 -0.000050 3.127127 -0.000000
-0.274884 -0.549071 0.222897 -49.091019 0.828843 -75.271529 -0.000033 3.127126 0.000003
-0.292625 -0.566720 0.223110 -49.091144 0.828891 -62.181245 -0.000016 3.127126 0.000006
-0.310367 -0.584369 0.223322 -49.091269 0.828939 -49.090961 0.000001 3.127125 0.000010
-0.150580 -0.390087 0.220748 -81.817047 0.829004 -179.993718 -0.000171 3.127124 -0.000030
-0.168321 -0.407737 0.220962 -81.817088 0.828989 -170.176168 -0.000154 3.127124 -0.000029
-0.186062 -0.425386 0.221177 -81.817129 0.828973 -160.358617 -0.000137 3.127124 -0.000028
-0.203803 -0.443036 0.221391 -81.817170 0.828958 -150.541067 -0.000119 3.127124 -0.000027
-0.221544 -0.460685 0.221606 -81.817211 0.828943 -140.723516 -0.000102 3.127125 -0.000026
-0.239285 -0.478335 0.221821 -81.817251 0.828928 -130.905966 -0.000085 3.127125 -0.000025
-0.257026 -0.495984 0.222035 -81.817292 0.828912 -121.088416 -0.000068 3.127125 -0.000024
-0.274767 -0.513634 0.222250 -81.817333 0.828897 -111.270865 -0.000051 3.127126 -0.000023
-0.292508 -0.531283 0.222464 -81.817374 0.828882 -101.453315 -0.000033 3.127126 -0.000022
-0.310249 -0.548933 0.222679 -81.817415 0.828867 -91.635765 -0.000016 3.127126 -0.000021
-0.327990 -0.566582 0.222893 -81.817456 0.828851 -81.818214 0.000001 3.127126 -0.000020
-0.168207 -0.372294 0.220296 -114.544075 0.829548 -179.993633 -0.000173 3.127114 -0.000037
-0.185948 -0.389944 0.220513 -114.544032 0.829469 -173.448817 -0.000156 3.127115 -0.000038
-0.203688 -0.407594 0.220730 -114.543988 0.829391 -166.904000 -0.000139 3.127117 -0.000039
-0.221429 -0.425244 0.220947 -114.543945 0.829312 -160.359184 -0.000121 3.127118 -0.000041
-0.239170 -0.442894 0.221164 -114.543902 0.829234 -153.814367 -0.000104 3.127120 -0.000042
-0.256910 -0.460545 0.221380 -114.543859 0.829156 -147.269551 -0.000086 3.127121 -0.000043
-0.274651 -0.478195 0.221597 -114.543815 0.829077 -140.724734 -0.000069 3.127122 -0.000044
-0.292392 -0.495845 0.221814 -114.543772 0.828999 -134.179918 -0.000052 3.127124 -0.000046
-0.310133 -0.513495 0.222031 -114.543729 0.828921 -127.635101 -0.000034 3.127125 -0.000047
-0.327873 -0.531145 0.222248 -114.543686 0.828842 -121.090284 -0.000017 3.127127 -0.000048
-0.345614 -0.548795 0.222465 -114.543642 0.828764 -114.545468 0.000001 3.127128 -0.000050
-0.185834 -0.354500 0.219845 -147.271102 0.830091 -179.993549 -0.000176 3.127105 -0.000043
-0.203574 -0.372151 0.220064 -147.270975 0.829950 -176.721466 -0.000158 3.127107 -0.000047
-0.221315 -0.389802 0.220283 -147.270848 0.829808 -173.449383 -0.000141 3.127110 -0.000050
-0.239055 -0.407453 0.220502 -147.270720 0.829667 -170.177300 -0.000123 3.127112 -0.000054
-0.256795 -0.425104 0.220721 -147.270593 0.829525 -166.905218 -0.000105 3.127115 -0.000058
-0.274536 -0.442755 0.220940 -147.270466 0.829384 -163.633135 -0.000088 3.127117 -0.000061
-0.292276 -0.460405 0.221160 -147.270338 0.829242 -160.361052 -0.000070 3.127119 -0.000065
-0.310016 -0.478056 0.221379 -147.270211 0.829101 -157.088970 -0.000052 3.127122 -0.000069
-0.327757 -0.495707 0.221598 -147.270084 0.828959 -153.816887 -0.000035 3.127124 -0.000072
-0.345497 -0.513358 0.221817 -147.269957 0.828818 -150.544804 -0.000017 3.127127 -0.000076
-0.363237 -0.531009 0.222036 -147.269829 0.828676 -147.272721 0.000000 3.127129 -0.000079
-0.203461 -0.336707 0.219393 -179.998130 0.830635 -179.993464 -0.000178 3.127095 -0.000050
-0.221201 -0.354358 0.219615 -179.997919 0.830430 -179.994115 -0.000160 3.127099 -0.000056
-0.238941 -0.372010 0.219836 -179.997707 0.830226 -179.994766 -0.000142 3.127102 -0.000062
-0.256681 -0.389661 0.220058 -179.997496 0.830021 -179.995417 -0.000125 3.127106 -0.000068
-0.274421 -0.407313 0.220279 -179.997284 0.829817 -179.996068 -0.000107 3.127109 -0.000074
-0.292161 -0.424964 0.220500 -179.997073 0.829612 -179.996719 -0.000089 3.127113 -0.000080
-0.309901 -0.442616 0.220722 -179.996862 0.829407 -179.997371 -0.000071 3.127117 -0.000085
-0.327641 -0.460267 0.220943 -179.996650 0.829203 -179.998022 -0.000053 3.127120 -0.000091
-0.345381 -0.477919 0.221165 -179.996439 0.828998 -179.998673 -0.000036 3.127124 -0.000097
-0.363121 -0.495570 0.221386 -179.996227 0.828794 -179.999324 -0.000018 3.127127 -0.000103
-0.380861 -0.513222 0.221608 -179.996016 0.828589 -179.999975 0.000000 3.127131 -0.000109
